function [flobsbasis, mu, C] = returnFlobsVectors(deltaT)
% Return the FLOBS eigenvectors at the specified temporal sampling
%
% Syntax:
%  [flobsbasis, mu, C] = returnFlobsVectors(deltaT)
%
% Description:
%   These are the first three eigenvectors of the HRF generate by the FLOBS
%   tool of FSL. The report.html file provides the parameters used to
%   generate the vectors. The reference for the use of the FLOBS vectors
%   for fitting HRF data is:
%
%       M.W. Woolrich, T.E.J. Behrens, and S.M. Smith. Constrained linear
%       basis sets for HRF modelling using Variational Bayes. NeuroImage,
%       21:4(1748-1761) 2004.
%
%   The vectors are initially in 200 msec temporal resolution, and are then
%   resampled to the requested deltaT.
%

% The multivariate normal means and covariance matrix of the three
% eigenvectors that Woolrich et al estimated from empirical data:
mu = [0.86, 0.09, 0.01];
C = [0.018 0.028 -0.015; 0.028 0.185 -0.009; -0.015 -0.009 0.030];

% Assemble the flobs vectors and their timebase
duration = 28; % Duration of the eigenvectors in seconds
initialDeltaT = 0.05; % Sampling of the eigenvectors
timebase = 0:initialDeltaT:duration-initialDeltaT;

flobVectors = [...
    3.46390862e-07  -1.054220448e-06  -2.220072605e-06
    2.277411075e-06  -7.261970477e-06  -1.625456266e-05
    6.910583233e-06  -2.215495079e-05  -5.125350312e-05
    1.526405129e-05  -4.929800849e-05  -0.0001152674394
    2.870262342e-05  -9.356145927e-05  -0.0002169274027
    4.872781831e-05  -0.0001604291722  -0.0003637745473
    7.648170872e-05  -0.0002539115061  -0.0005627586007
    0.0001129287749  -0.0003759378928  -0.0008189865674
    0.0001592223419  -0.000529655935  -0.001138821338
    0.0002164175609  -0.0007178565932  -0.001527208748
    0.0002856416182  -0.0009422424269  -0.001986519303
    0.0003684881765  -0.001206003404  -0.002520635562
    0.0004663470818  -0.001511605925  -0.003133351102
    0.000580294724  -0.00186181822  -0.003829703006
    0.0007116301081  -0.002259111249  -0.004612380692
    0.0008614885853  -0.002704333126  -0.005481076215
    0.001031220815  -0.003198651791  -0.006434841698
    0.001222085877  -0.003743792906  -0.007473848312
    0.001435216412  -0.004341840977  -0.00859808635
    0.001671550196  -0.00499458223  -0.009808167482
    0.001932343279  -0.005703698549  -0.01110514527
    0.002218947902  -0.006470574486  -0.01248904713
    0.002532274527  -0.007295441637  -0.01395766721
    0.002873211626  -0.008178360554  -0.01550679427
    0.00324291971  -0.009119760896  -0.01713335855
    0.003642482783  -0.01012025373  -0.01883486925
    0.004073011915  -0.01117955392  -0.02060590962
    0.004535549407  -0.01229716222  -0.02244120043
    0.005031279145  -0.0134728918  -0.02433520036
    0.005560906345  -0.01470561309  -0.02628271188
    0.006125015489  -0.01599413326  -0.02827940035
    0.006724570289  -0.01733755715  -0.03031905345
    0.007360484106  -0.01873500072  -0.03239530529
    0.008033411945  -0.02018408224  -0.0345018098
    0.00874402179  -0.02168300756  -0.03663251569
    0.009493158499  -0.02322969261  -0.03877906711
    0.01028159815  -0.02482182088  -0.04093259787
    0.01110952499  -0.02645566968  -0.0430862035
    0.0119771998  -0.02812790636  -0.04523286349
    0.01288515357  -0.02983535497  -0.0473632788
    0.01383369824  -0.03157453609  -0.04946897166
    0.01482196658  -0.03334209155  -0.05154455074
    0.01584878131  -0.03513455487  -0.05358513762
    0.0169129357  -0.03694841328  -0.05558591568
    0.01801317702  -0.0387800817  -0.0575420993
    0.01914821283  -0.04062591728  -0.05944895438
    0.02031671857  -0.04248223564  -0.0613018173
    0.02151731743  -0.04434528331  -0.06309607285
    0.02274861563  -0.04621129776  -0.06482721569
    0.02400918233  -0.04807647915  -0.06649082572
    0.02529755749  -0.04993700746  -0.06808258813
    0.02661226033  -0.05178905845  -0.06959830865
    0.02795176625  -0.05362877581  -0.07103389729
    0.02931454682  -0.05545233214  -0.07238541925
    0.03069904725  -0.05725590164  -0.07364907719
    0.03210369438  -0.05903567453  -0.07482122607
    0.03352690646  -0.06078787581  -0.07589838746
    0.03496706819  -0.062508738  -0.07687723769
    0.03642257285  -0.06419455699  -0.0777546484
    0.03789179939  -0.06584167126  -0.07852767239
    0.03937311936  -0.0674464695  -0.07919355481
    0.0408649084  -0.06900541437  -0.07974974711
    0.0423655255  -0.0705150699  -0.08019418676
    0.04387335578  -0.07197213436  -0.0805252159
    0.04538679551  -0.07337341577  -0.08074129436
    0.04690429527  -0.07471601712  -0.0808415561
    0.04842425146  -0.0759968523  -0.08082466783
    0.04994505834  -0.07721301483  -0.08068985335
    0.05146519186  -0.07836209833  -0.08043782368
    0.05298313126  -0.07944180372  -0.08006957193
    0.05449741771  -0.08044997564  -0.07958614819
    0.05600663144  -0.08138463898  -0.07898885774
    0.05750932482  -0.08224376897  -0.07827860723
    0.05900424058  -0.08302622335  -0.07745812769
    0.06049002619  -0.08373042732  -0.0765294621
    0.06196536811  -0.08435522147  -0.07549536399
    0.06342902004  -0.08489988184  -0.07435870253
    0.06487968276  -0.08536338483  -0.07312196081
    0.066316167  -0.08574498337  -0.07178821655
    0.06773741155  -0.08604445709  -0.0703614465
    0.06914247457  -0.08626199703  -0.06884585836
    0.07053032529  -0.08639751856  -0.06724485117
    0.07189985792  -0.08645040992  -0.06556080729
    0.07324996748  -0.0864203015  -0.06379622651
    0.07457973915  -0.08630755923  -0.06195435571
    0.07588820561  -0.08611179426  -0.06003700836
    0.07717434187  -0.08583283561  -0.0580467682
    0.07843734957  -0.0854709075  -0.05598663182
    0.07967656859  -0.08502676125  -0.05386020194
    0.08089126754  -0.08450079778  -0.05167031956
    0.0820808089  -0.08389346354  -0.0494196277
    0.08324443496  -0.0832050545  -0.04711000256
    0.08438148824  -0.08243622023  -0.04474361582
    0.08549133881  -0.0815881324  -0.04232452754
    0.08657349188  -0.08066191354  -0.03985645518
    0.08762744899  -0.07965848999  -0.0373426303
    0.08865266711  -0.0785788906  -0.03478572487
    0.08964853153  -0.07742373057  -0.03218780897
    0.09061446692  -0.07619385732  -0.02955206354
    0.0915499996  -0.0748904235  -0.02688228601
    0.09245469092  -0.07351457858  -0.02418149543
    0.09332807988  -0.07206742174  -0.02145238015
    0.09416978292  -0.07054976274  -0.01869719668
    0.09497969381  -0.06896338038  -0.01591836961
    0.09575769404  -0.06731024463  -0.01311936939
    0.09650354405  -0.06559206894  -0.0103038101
    0.09721696442  -0.06381039844  -0.007475276353
    0.0978976699  -0.06196670403  -0.004637066775
    0.0985455117  -0.06006287872  -0.001792383346
    0.09916037452  -0.05810083843  0.001055340255
    0.09974209532  -0.05608238118  0.003902320213
    0.1002905042  -0.05400901097  0.006745013989
    0.100805488  -0.05188238938  0.009579740124
    0.1012869282  -0.04970440987  0.01240243644
    0.1017346306  -0.04747668037  0.01520926666
    0.1021485091  -0.0452009976  0.01799659139
    0.1025283089  -0.04287875675  0.0207603452
    0.1028739766  -0.04051169364  0.02349642499
    0.1031856187  -0.03810208315  0.02620075934
    0.1034633413  -0.03565226683  0.02886959808
    0.1037073106  -0.03316461882  0.03149892477
    0.103917619  -0.0306415373  0.03408426204
    0.1040942868  -0.02808495674  0.03662075776
    0.1042371821  -0.0254966772  0.03910295871
    0.1043463391  -0.02287887216  0.04152636651
    0.1044218805  -0.02023393919  0.04388673844
    0.104463972  -0.01756444129  0.04617972288
    0.1044727257  -0.01487267528  0.04840076645
    0.1044482373  -0.01216116343  0.05054515253
    0.1043905587  -0.009432253884  0.05260740884
    0.1042997322  -0.006688069898  0.05458247831
    0.1041758989  -0.003930852232  0.05646640748
    0.104019447  -0.001163374166  0.05825544276
    0.1038306243  0.001611757756  0.05994503275
    0.1036096406  0.004391914385  0.06153043482
